Samuel;0;4;8;12;18;19;21;
Pepe;0;4;8;10;15;19;22;
Pablo;0;4;8;12;17;19;23;
Jorge;1;4;8;12;17;19;24;
Felipe;3;4;7;8;11;15;19;25;
Clara;0;1;2;4;9;13;17;19;26;
Anita;3;5;9;10;16;19;27;
Alfredo;5;6;8;13;16;19;28;
Susana;3;4;9;12;16;20;29;
Ricardo;4;6;7;8;14;18;19;30;
Paco;4;8;13;15;19;31;
Manuel;4;6;8;14;15;20;32;
German;4;8;13;15;18;19;33;
David;4;7;8;10;17;19;34;
Bernardo;1;4;8;14;17;19;35;
Alejandro;4;6;8;11;17;20;36;
Tomas;0;5;8;11;18;19;37;
Roberto;3;5;8;14;17;19;38;
Pedro;5;8;12;17;20;39;
Maria;1;4;9;14;16;19;40
Guillermo;3;4;7;8;13;18;19;41;
Ernesto;1;4;8;10;17;19;42;
Carlos;4;6;8;10;17;20;43;
Ana;2;4;9;11;15;19;44;